"Sens Factor =5.2768dB, SERNO: 7042618"
10.054	-4.2536
10.179	-4.0921
10.306	-3.9338
10.434	-3.7786
10.564	-3.6266
10.696	-3.4778
10.829	-3.3320
10.964	-3.1894
11.1	-3.0497
11.238	-2.9130
11.378	-2.7793
11.52	-2.6486
11.663	-2.5207
11.809	-2.3957
11.956	-2.2736
12.104	-2.1542
12.255	-2.0376
12.408	-1.9238
12.562	-1.8127
12.718	-1.7042
12.877	-1.5984
13.037	-1.4952
13.199	-1.3946
13.364	-1.2965
13.53	-1.2009
13.698	-1.1079
13.869	-1.0172
14.042	-0.9290
14.216	-0.8432
14.393	-0.7597
14.573	-0.6786
14.754	-0.5997
14.938	-0.5231
15.124	-0.4488
15.312	-0.3766
15.503	-0.3065
15.696	-0.2386
15.891	-0.1728
16.089	-0.1091
16.289	-0.0474
16.492	0.0123
16.697	0.0701
16.905	0.1259
17.115	0.1798
17.328	0.2318
17.544	0.2820
17.763	0.3304
17.984	0.3770
18.208	0.4219
18.434	0.4651
18.664	0.5066
18.896	0.5464
19.131	0.5847
19.369	0.6213
19.611	0.6564
19.855	0.6900
20.102	0.7221
20.352	0.7528
20.605	0.7821
20.862	0.8099
21.122	0.8364
21.385	0.8616
21.651	0.8855
21.92	0.9081
22.193	0.9295
22.47	0.9498
22.749	0.9688
23.032	0.9868
23.319	1.0036
23.609	1.0194
23.903	1.0341
24.201	1.0478
24.502	1.0606
24.807	1.0724
25.116	1.0834
25.429	1.0934
25.745	1.1027
26.066	1.1111
26.39	1.1187
26.719	1.1256
27.051	1.1318
27.388	1.1373
27.729	1.1422
28.074	1.1465
28.424	1.1502
28.778	1.1533
29.136	1.1559
29.499	1.1580
29.866	1.1597
30.238	1.1610
30.614	1.1619
30.995	1.1624
31.381	1.1626
31.772	1.1625
32.167	1.1621
32.568	1.1616
32.973	1.1608
33.383	1.1599
33.799	1.1588
34.22	1.1576
34.646	1.1564
35.077	1.1552
35.514	1.1519
35.956	1.1495
36.403	1.1481
36.857	1.1478
37.315	1.1489
37.78	1.1516
38.25	1.1561
38.726	1.1625
39.209	1.1707
39.697	1.1806
40.191	1.1917
40.691	1.2035
41.198	1.2155
41.711	1.2274
42.23	1.2388
42.756	1.2495
43.288	1.2594
43.827	1.2686
44.372	1.2771
44.925	1.2850
45.484	1.2924
46.05	1.2995
46.623	1.3062
47.204	1.3125
47.791	1.3184
48.386	1.3237
48.989	1.3285
49.599	1.3325
50.216	1.3360
50.841	1.3389
51.474	1.3414
52.115	1.3433
52.764	1.3449
53.42	1.3462
54.085	1.3471
54.759	1.3478
55.44	1.3483
56.131	1.3487
56.829	1.3490
57.537	1.3492
58.253	1.3494
58.978	1.3495
59.712	1.3493
60.456	1.3487
61.208	1.3475
61.97	1.3455
62.742	1.3423
63.523	1.3378
64.314	1.3317
65.114	1.3240
65.925	1.3150
66.745	1.3051
67.576	1.2946
68.418	1.2841
69.269	1.2739
70.132	1.2643
71.005	1.2553
71.889	1.2470
72.784	1.2391
73.69	1.2317
74.607	1.2245
75.536	1.2176
76.476	1.2106
77.428	1.2036
78.392	1.1967
79.368	1.1897
80.356	1.1829
81.356	1.1762
82.369	1.1698
83.394	1.1634
84.433	1.1570
85.484	1.1506
86.548	1.1440
87.625	1.1372
88.716	1.1303
89.82	1.1232
90.939	1.1162
92.071	1.1093
93.217	1.1026
94.377	1.0962
95.552	1.0902
96.742	1.0845
97.946	1.0793
99.165	1.0745
100.4	1.0701
101.65	1.0661
102.915	1.0624
104.196	1.0591
105.493	1.0561
106.806	1.0535
108.136	1.0513
109.482	1.0495
110.845	1.0481
112.225	1.0471
113.622	1.0462
115.037	1.0455
116.469	1.0449
117.919	1.0444
119.386	1.0440
120.873	1.0437
122.377	1.0434
123.901	1.0432
125.443	1.0430
127.005	1.0427
128.586	1.0424
130.187	1.0421
131.807	1.0416
133.448	1.0411
135.109	1.0403
136.791	1.0393
138.494	1.0380
140.218	1.0366
141.964	1.0351
143.731	1.0337
145.52	1.0324
147.332	1.0312
149.166	1.0301
151.023	1.0288
152.903	1.0273
154.806	1.0253
156.734	1.0230
158.685	1.0201
160.66	1.0166
162.66	1.0126
164.685	1.0080
166.735	1.0028
168.811	0.9971
170.912	0.9909
173.04	0.9841
175.194	0.9768
177.375	0.9691
179.583	0.9608
181.819	0.9518
184.082	0.9422
186.374	0.9321
188.694	0.9217
191.043	0.9112
193.421	0.9009
195.829	0.8907
198.267	0.8809
200.735	0.8714
203.234	0.8623
205.764	0.8537
208.325	0.8457
210.919	0.8383
213.544	0.8316
216.203	0.8255
218.894	0.8199
221.619	0.8145
224.378	0.8092
227.171	0.8037
229.999	0.7979
232.862	0.7919
235.761	0.7860
238.696	0.7801
241.668	0.7739
244.676	0.7673
247.722	0.7604
250.806	0.7533
253.928	0.7461
257.089	0.7389
260.29	0.7316
263.53	0.7242
266.81	0.7167
270.132	0.7089
273.495	0.7009
276.899	0.6931
280.346	0.6853
283.836	0.6776
287.37	0.6700
290.947	0.6626
294.569	0.6551
298.236	0.6477
301.949	0.6405
305.708	0.6333
309.513	0.6259
313.366	0.6181
317.267	0.6098
321.217	0.6010
325.216	0.5917
329.264	0.5820
333.363	0.5721
337.513	0.5620
341.715	0.5517
345.969	0.5412
350.276	0.5302
354.636	0.5186
359.051	0.5063
363.521	0.4935
368.046	0.4803
372.628	0.4671
377.266	0.4542
381.963	0.4418
386.718	0.4300
391.532	0.4187
396.406	0.4080
401.341	0.3981
406.337	0.3888
411.395	0.3802
416.517	0.3719
421.702	0.3637
426.951	0.3554
432.266	0.3471
437.648	0.3390
443.096	0.3312
448.612	0.3240
454.196	0.3175
459.851	0.3112
465.575	0.3054
471.371	0.2997
477.239	0.2943
483.18	0.2887
489.195	0.2831
495.285	0.2772
501.45	0.2711
507.693	0.2651
514.013	0.2595
520.412	0.2544
526.89	0.2498
533.449	0.2456
540.09	0.2417
546.814	0.2379
553.621	0.2339
560.513	0.2296
567.49	0.2250
574.555	0.2202
581.707	0.2152
588.949	0.2104
596.281	0.2058
603.703	0.2016
611.219	0.1976
618.828	0.1941
626.531	0.1907
634.331	0.1874
642.228	0.1839
650.222	0.1799
658.317	0.1753
666.512	0.1700
674.809	0.1643
683.21	0.1582
691.715	0.1521
700.326	0.1461
709.044	0.1404
717.871	0.1350
726.807	0.1297
735.855	0.1245
745.016	0.1193
754.29	0.1140
763.68	0.1087
773.187	0.1033
782.812	0.0980
792.557	0.0926
802.424	0.0873
812.413	0.0821
822.526	0.0773
832.766	0.0729
843.133	0.0687
853.629	0.0644
864.255	0.0601
875.014	0.0557
885.907	0.0512
896.935	0.0468
908.101	0.0425
919.406	0.0384
930.851	0.0344
942.439	0.0306
954.171	0.0269
966.049	0.0233
978.076	0.0197
990.251	0.0162
1002.579	0.0128
1015.06	0.0095
1027.696	0.0062
1040.489	0.0029
1053.442	-0.0003
1066.556	-0.0035
1079.833	-0.0065
1093.276	-0.0093
1106.886	-0.0118
1120.665	-0.0143
1134.616	-0.0167
1148.741	-0.0192
1163.041	-0.0216
1177.519	-0.0240
1192.178	-0.0263
1207.019	-0.0287
1222.045	-0.0310
1237.258	-0.0335
1252.66	-0.0365
1268.254	-0.0400
1284.042	-0.0441
1300.027	-0.0485
1316.211	-0.0530
1332.596	-0.0573
1349.185	-0.0616
1365.981	-0.0659
1382.985	-0.0702
1400.202	-0.0745
1417.633	-0.0786
1435.28	-0.0825
1453.148	-0.0863
1471.238	-0.0900
1489.553	-0.0935
1508.096	-0.0969
1526.87	-0.1002
1545.877	-0.1035
1565.121	-0.1066
1584.605	-0.1098
1604.332	-0.1129
1624.303	-0.1160
1644.524	-0.1193
1664.996	-0.1226
1685.723	-0.1259
1706.708	-0.1291
1727.955	-0.1324
1749.466	-0.1354
1771.244	-0.1383
1793.294	-0.1411
1815.618	-0.1438
1838.221	-0.1463
1861.104	-0.1488
1884.272	-0.1510
1907.729	-0.1529
1931.478	-0.1547
1955.523	-0.1562
1979.866	-0.1573
2004.513	-0.1580
2029.467	-0.1581
2054.731	-0.1577
2080.31	-0.1563
2106.207	-0.1544
2132.427	-0.1522
2158.973	-0.1497
2185.849	-0.1473
2213.06	-0.1447
2240.61	-0.1420
2268.503	-0.1392
2296.743	-0.1363
2325.334	-0.1332
2354.282	-0.1302
2383.59	-0.1272
2413.262	-0.1245
2443.305	-0.1223
2473.721	-0.1206
2504.515	-0.1194
2535.693	-0.1185
2567.26	-0.1177
2599.219	-0.1169
2631.576	-0.1159
2664.335	-0.1148
2697.503	-0.1134
2731.084	-0.1118
2765.082	-0.1100
2799.504	-0.1079
2834.354	-0.1057
2869.638	-0.1033
2905.362	-0.1009
2941.53	-0.0983
2978.148	-0.0956
3015.222	-0.0927
3052.758	-0.0897
3090.761	-0.0865
3129.237	-0.0832
3168.192	-0.0798
3207.632	-0.0763
3247.563	-0.0729
3287.991	-0.0695
3328.923	-0.0662
3370.364	-0.0631
3412.32	-0.0601
3454.799	-0.0574
3497.807	-0.0548
3541.351	-0.0520
3585.436	-0.0491
3630.07	-0.0460
3675.26	-0.0428
3721.012	-0.0391
3767.334	-0.0351
3814.233	-0.0307
3861.715	-0.0258
3909.789	-0.0203
3958.46	-0.0142
4007.738	-0.0074
4057.63	0.0002
4108.142	0.0085
4159.283	0.0174
4211.061	0.0263
4263.483	0.0349
4316.559	0.0428
4370.294	0.0501
4424.699	0.0568
4479.781	0.0628
4535.548	0.0683
4592.01	0.0734
4649.175	0.0781
4707.051	0.0825
4765.648	0.0868
4824.975	0.0910
4885.039	0.0950
4945.852	0.0987
5007.421	0.1018
5069.757	0.1040
5132.87	0.1051
5196.768	0.1048
5261.46	0.1028
5326.959	0.0990
5393.273	0.0929
5460.413	0.0838
5528.388	0.0718
5597.209	0.0576
5666.887	0.0420
5737.433	0.0256
5808.857	0.0086
5881.169	-0.0088
5954.383	-0.0265
6028.507	-0.0446
6103.555	-0.0628
6179.536	-0.0814
6256.464	-0.1004
6334.349	-0.1198
6413.204	-0.1397
6493.04	-0.1604
6573.87	-0.1818
6655.706	-0.2039
6738.562	-0.2266
6822.448	-0.2497
6907.379	-0.2731
6993.367	-0.2966
7080.426	-0.3202
7168.568	-0.3437
7257.808	-0.3674
7348.158	-0.3913
7439.633	-0.4158
7532.248	-0.4408
7626.015	-0.4665
7720.949	-0.4928
7817.065	-0.5201
7914.377	-0.5483
8012.901	-0.5775
8112.652	-0.6076
8213.645	-0.6385
8315.894	-0.6698
8419.416	-0.7014
8524.228	-0.7330
8630.343	-0.7645
8737.78	-0.7957
8846.555	-0.8263
8956.683	-0.8559
9068.182	-0.8840
9181.069	-0.9104
9295.362	-0.9360
9411.078	-0.9614
9528.233	-0.9872
9646.849	-1.0135
9766.939	-1.0406
9888.525	-1.0688
10011.625	-1.0980
10136.257	-1.1286
10262.44	-1.1607
10390.195	-1.1943
10519.54	-1.2296
10650.495	-1.2664
10783.08	-1.3046
10917.316	-1.3441
11053.223	-1.3848
11190.821	-1.4268
11330.133	-1.4701
11471.179	-1.5145
11613.98	-1.5598
11758.561	-1.6059
11904.939	-1.6527
12053.141	-1.7002
12203.188	-1.7479
12355.102	-1.7958
12508.907	-1.8441
12664.627	-1.8924
12822.286	-1.9406
12981.907	-1.9888
13143.516	-2.0370
13307.136	-2.0852
13472.793	-2.1336
13640.512	-2.1824
13810.319	-2.2311
13982.24	-2.2805
14156.302	-2.3304
14332.529	-2.3803
14510.951	-2.4308
14691.595	-2.4817
14874.486	-2.5329
15059.655	-2.5842
15247.129	-2.6353
15436.937	-2.6862
15629.106	-2.7370
15823.669	-2.7873
16020.654	-2.8366
16220.091	-2.8851
16422.01	-2.9326
16626.443	-2.9785
16833.422	-3.0219
17042.977	-3.0627
17255.141	-3.0985
17469.945	-3.1285
17687.424	-3.1471
17907.609	-3.1695
18130.537	-3.1915
18356.24	-3.2131
18584.752	-3.2342
18816.107	-3.2550
19050.346	-3.2753
19287.498	-3.2954
19527.604	-3.3152
19770.697	-3.3346
20016.816	-3.3536


